8
GerbangDepan 769 1159 
Borromeus 689 1448 
McDDago 1634 1522 
BNITamanSari 677 937 
TubagusIsmail 1835 1615 
GoldenMonkey 1395 1508 
Plesiran 345 1073 
KebonBibit 561 983 
99999 300 99999 250 99999 99999 99999 350
300 99999 99999 99999 99999 700 99999 99999
99999 99999 99999 1400 230 240 99999 99999
250 99999 1400 99999 99999 1300 99999 130
99999 99999 230 99999 99999 99999 99999 99999
99999 700 240 1300 99999 99999 99999 99999
99999 99999 99999 99999 99999 99999 99999 240
350 99999 99999 130 99999 99999 240 99999